1776249238571 1.9047619047619047 200
1776249716238 3.8095238095238093 400
1776249965503 4.761904761904762 500
1776250203798 5.714285714285714 600
1776250686608 7.619047619047619 800
1776251163994 9.523809523809524 1000
1776251172294 9.523809523809524 1000
1776251655241 11.428571428571429 1200
1776252134431 13.333333333333334 1400
1776252384186 14.285714285714286 1500
1776252625506 15.238095238095237 1600
1776253105443 17.142857142857142 1800
1776253587155 19.047619047619047 2000
1776253595437 19.047619047619047 2000
1776253847097 20.0 2100
1776253848794 20.0 2100
1776253857173 20.0 2100
