1776335290147 1.9047619047619047 200
1776335771617 3.8095238095238093 400
1776336022002 4.761904761904762 500
1776336261772 5.714285714285714 600
1776336748607 7.619047619047619 800
1776337253754 9.523809523809524 1000
1776337262190 9.523809523809524 1000
1776337748969 11.428571428571429 1200
1776338228063 13.333333333333334 1400
1776338479771 14.285714285714286 1500
1776338724101 15.238095238095237 1600
1776339208316 17.142857142857142 1800
1776339695382 19.047619047619047 2000
1776339703801 19.047619047619047 2000
1776340189580 20.952380952380953 2200
1776340676685 22.857142857142858 2400
1776340928845 23.80952380952381 2500
1776341173372 24.761904761904763 2600
1776341656423 26.666666666666668 2800
1776342145184 28.571428571428573 3000
1776342153675 28.571428571428573 3000
1776342653539 30.476190476190474 3200
1776343149259 32.38095238095238 3400
1776343406434 33.333333333333336 3500
1776343656099 34.285714285714285 3600
1776343852398 35.0 3675
1776343854311 35.0 3675
1776343863084 35.0 3675
