1776335290142 10.112613677978516 200
1776335771612 3.660952091217041 400
1776336261766 10.261817932128906 600
1776336748603 23.435848236083984 800
1776337253748 3.3124375343322754 1000
1776337748964 7.683845520019531 1200
1776338228055 9.465649604797363 1400
1776338724097 14.917219161987305 1600
1776339208311 9.88370418548584 1800
1776339695377 3.031721353530884 2000
1776340189575 14.104400634765625 2200
1776340676680 2.5406503677368164 2400
1776341173366 6.952259540557861 2600
1776341656418 6.393177032470703 2800
1776342145179 23.676557540893555 3000
1776342653534 7.945969581604004 3200
1776343149254 3.1818132400512695 3400
1776343656093 4.3296098709106445 3600
