1776335290144 3.4239130434782614e-06 200
1776335771615 7.047101449275363e-06 400
1776336261769 9.884726224783862e-06 600
1776336748605 9.244316362471982e-06 800
1776337253751 8.603906500160103e-06 1000
1776337748966 7.963496637848224e-06 1200
1776338228059 7.323086775536344e-06 1400
1776338724099 6.682676913224464e-06 1600
1776339208314 6.042267050912585e-06 1800
1776339695379 5.401857188600706e-06 2000
1776340189578 4.761447326288825e-06 2200
1776340676683 4.121037463976946e-06 2400
1776341173369 3.480627601665066e-06 2600
1776341656421 2.840217739353186e-06 2800
1776342145182 2.203009926352866e-06 3000
1776342653537 1.5626000640409863e-06 3200
1776343149257 9.221902017291067e-07 3400
1776343656096 2.8178033941722703e-07 3600
