1776335290138 1.2251951599121094 200
1776335771609 1.007698516845703 400
1776336261763 0.8594802093505859 600
1776336748600 0.809973373413086 800
1776337253744 0.7488768768310546 1000
1776337748961 0.7176629638671875 1200
1776338228052 0.6908732604980469 1400
1776338724094 0.6584556579589844 1600
1776339208308 0.6280372619628907 1800
1776339695374 0.6153535079956055 2000
1776340189572 0.5990972137451172 2200
1776340676677 0.5904549789428711 2400
1776341173362 0.583747329711914 2600
1776341656415 0.5746733093261719 2800
1776342145176 0.5582052230834961 3000
1776342653530 0.5508659362792969 3200
1776343149251 0.5556996917724609 3400
1776343656089 0.544522933959961 3600
