1776309571388 1.9047619047619047 200
1776310063524 3.8095238095238093 400
1776310318316 4.761904761904762 500
1776310555882 5.714285714285714 600
1776311034210 7.619047619047619 800
1776311509695 9.523809523809524 1000
1776311517931 9.523809523809524 1000
1776311997800 11.428571428571429 1200
1776312473516 13.333333333333334 1400
1776312721271 14.285714285714286 1500
1776312961079 15.238095238095237 1600
1776313437749 17.142857142857142 1800
1776313915667 19.047619047619047 2000
1776313923877 19.047619047619047 2000
1776314402908 20.952380952380953 2200
1776314880309 22.857142857142858 2400
1776315127539 23.80952380952381 2500
1776315367609 24.761904761904763 2600
1776315842824 26.666666666666668 2800
1776316321730 28.571428571428573 3000
1776316329912 28.571428571428573 3000
1776316809492 30.476190476190474 3200
1776317285121 32.38095238095238 3400
1776317531794 33.333333333333336 3500
1776317771447 34.285714285714285 3600
1776317959268 35.0 3675
1776317960960 35.0 3675
1776317969304 35.0 3675
