1776309571383 8.611912727355957 200
1776310063519 3.07560396194458 400
1776310555878 6.805141925811768 600
1776311034206 46.393165588378906 800
1776311509691 3.9731249809265137 1000
1776311997795 5.316592216491699 1200
1776312473512 12.030475616455078 1400
1776312961074 3.544442653656006 1600
1776313437744 8.883171081542969 1800
1776313915662 4.866410732269287 2000
1776314402904 10.848128318786621 2200
1776314880304 4.003150939941406 2400
1776315367605 14.058311462402344 2600
1776315842820 5.944340229034424 2800
1776316321725 16.04371452331543 3000
1776316809487 4.347732067108154 3200
1776317285117 4.0338850021362305 3400
1776317771442 20.76371192932129 3600
