1776309571386 3.4420289855072464e-06 200
1776310063522 7.047101449275363e-06 400
1776310555880 9.881524175472303e-06 600
1776311034208 9.241114313160424e-06 800
1776311509693 8.600704450848544e-06 1000
1776311997798 7.960294588536665e-06 1200
1776312473514 7.319884726224784e-06 1400
1776312961077 6.679474863912905e-06 1600
1776313437747 6.039065001601026e-06 1800
1776313915665 5.398655139289145e-06 2000
1776314402906 4.758245276977266e-06 2200
1776314880306 4.117835414665386e-06 2400
1776315367607 3.4774255523535065e-06 2600
1776315842822 2.8370156900416267e-06 2800
1776316321728 2.196605827729747e-06 3000
1776316809490 1.5561959654178677e-06 3200
1776317285119 9.157861031059879e-07 3400
1776317771445 2.7537624079410825e-07 3600
