1776309571377 1.2263262176513672 200
1776310063516 1.0085581970214843 400
1776310555875 0.8613212585449219 600
1776311034202 0.8187877655029296 800
1776311509687 0.7456523132324219 1000
1776311997792 0.7121269989013672 1200
1776312473508 0.6856019592285156 1400
1776312961071 0.6522745513916015 1600
1776313437741 0.6215513229370118 1800
1776313915659 0.6119456481933594 2000
1776314402900 0.5952005004882812 2200
1776314880301 0.586529655456543 2400
1776315367602 0.5806172943115234 2600
1776315842816 0.5712916564941406 2800
1776316321722 0.5565336990356445 3000
1776316809484 0.5485475540161133 3200
1776317285114 0.553439712524414 3400
1776317771439 0.5434142684936524 3600
